inferred: day18
  [[[0,[4,5]],[0,0]],[[[4,5],[2,6]],[9,5]]]
+ [7,[[[3,7],[4,3]],[[6,3],[8,8]]]]
resolve: [[[[0,[4,5]],[0,0]],[[[4,5],[2,6]],[9,5]]],[7,[[[3,7],[4,3]],[[6,3],[8,8]]]]]
explode: [[[[4,0],[9,0]],[[0,[7,6]],[9,5]]],[10,[[0,[11,3]],[[6,3],[8,8]]]]]
explode: [[[[4,0],[9,0]],[[7,0],[15,5]]],[10,[[11,0],[[9,3],[8,8]]]]]
explode: [[[[4,0],[9,0]],[[7,0],[15,5]]],[10,[[11,9],[0,[11,8]]]]]
explode: [[[[4,0],[9,0]],[[7,0],[15,5]]],[10,[[11,9],[11,0]]]]
split:   [[[[4,0],[9,0]],[[7,0],[[7,8],5]]],[10,[[11,9],[11,0]]]]
explode: [[[[4,0],[9,0]],[[7,7],[0,13]]],[10,[[11,9],[11,0]]]]
split:   [[[[4,0],[9,0]],[[7,7],[0,[6,7]]]],[10,[[11,9],[11,0]]]]
explode: [[[[4,0],[9,0]],[[7,7],[6,0]]],[17,[[11,9],[11,0]]]]
split:   [[[[4,0],[9,0]],[[7,7],[6,0]]],[[8,9],[[11,9],[11,0]]]]
split:   [[[[4,0],[9,0]],[[7,7],[6,0]]],[[8,9],[[[5,6],9],[11,0]]]]
explode: [[[[4,0],[9,0]],[[7,7],[6,0]]],[[8,14],[[0,15],[11,0]]]]
split:   [[[[4,0],[9,0]],[[7,7],[6,0]]],[[8,[7,7]],[[0,15],[11,0]]]]
split:   [[[[4,0],[9,0]],[[7,7],[6,0]]],[[8,[7,7]],[[0,[7,8]],[11,0]]]]
explode: [[[[4,0],[9,0]],[[7,7],[6,0]]],[[8,[7,7]],[[7,0],[19,0]]]]
split:   [[[[4,0],[9,0]],[[7,7],[6,0]]],[[8,[7,7]],[[7,0],[[9,10],0]]]]
explode: [[[[4,0],[9,0]],[[7,7],[6,0]]],[[8,[7,7]],[[7,9],[0,10]]]]
split:   [[[[4,0],[9,0]],[[7,7],[6,0]]],[[8,[7,7]],[[7,9],[0,[5,5]]]]]
explode: [[[[4,0],[9,0]],[[7,7],[6,0]]],[[8,[7,7]],[[7,9],[5,0]]]]
done
= [[[[4,0],[9,0]],[[7,7],[6,0]]],[[8,[7,7]],[[7,9],[5,0]]]]

  [[[[4,0],[9,0]],[[7,7],[6,0]]],[[8,[7,7]],[[7,9],[5,0]]]]
+ [[2,[[0,8],[3,4]]],[[[6,7],1],[7,[1,6]]]]
resolve: [[[[[4,0],[9,0]],[[7,7],[6,0]]],[[8,[7,7]],[[7,9],[5,0]]]],[[2,[[0,8],[3,4]]],[[[6,7],1],[7,[1,6]]]]]
explode: [[[[0,[9,0]],[[7,7],[6,0]]],[[8,[7,7]],[[7,9],[5,0]]]],[[2,[[0,8],[3,4]]],[[[6,7],1],[7,[1,6]]]]]
explode: [[[[9,0],[[7,7],[6,0]]],[[15,0],[[14,9],[5,0]]]],[[2,[6,[11,4]]],[[0,8],[7,[1,6]]]]]
explode: [[[[9,7],[0,[13,0]]],[[15,14],[0,[14,0]]]],[[2,[17,0]],[[4,8],[7,[1,6]]]]]
explode: [[[[9,7],[13,0]],[[15,14],[0,[14,0]]]],[[2,[17,0]],[[4,8],[8,0]]]]
explode: [[[[9,7],[13,0]],[[15,14],[14,0]]],[[2,[17,0]],[[4,8],[8,0]]]]
split:   [[[[9,7],[[6,7],0]],[[15,14],[14,0]]],[[2,[17,0]],[[4,8],[8,0]]]]
explode: [[[[9,13],[0,7]],[[15,14],[14,0]]],[[2,[17,0]],[[4,8],[8,0]]]]
split:   [[[[9,[6,7]],[0,7]],[[15,14],[14,0]]],[[2,[17,0]],[[4,8],[8,0]]]]
explode: [[[[15,0],[7,7]],[[15,14],[14,0]]],[[2,[17,0]],[[4,8],[8,0]]]]
split:   [[[[[7,8],0],[7,7]],[[15,14],[14,0]]],[[2,[17,0]],[[4,8],[8,0]]]]
explode: [[[[0,8],[7,7]],[[15,14],[14,0]]],[[2,[17,0]],[[4,8],[8,0]]]]
split:   [[[[0,8],[7,7]],[[[7,8],14],[14,0]]],[[2,[17,0]],[[4,8],[8,0]]]]
explode: [[[[0,8],[14,7]],[[0,22],[14,0]]],[[2,[17,0]],[[4,8],[8,0]]]]
split:   [[[[0,8],[[7,7],7]],[[0,22],[14,0]]],[[2,[17,0]],[[4,8],[8,0]]]]
explode: [[[[0,15],[0,14]],[[0,22],[14,0]]],[[2,[17,0]],[[4,8],[8,0]]]]
split:   [[[[0,[7,8]],[0,14]],[[0,22],[14,0]]],[[2,[17,0]],[[4,8],[8,0]]]]
explode: [[[[7,0],[8,14]],[[0,22],[14,0]]],[[2,[17,0]],[[4,8],[8,0]]]]
split:   [[[[7,0],[8,[7,7]]],[[0,22],[14,0]]],[[2,[17,0]],[[4,8],[8,0]]]]
explode: [[[[7,0],[15,0]],[[7,22],[14,0]]],[[2,[17,0]],[[4,8],[8,0]]]]
split:   [[[[7,0],[[7,8],0]],[[7,22],[14,0]]],[[2,[17,0]],[[4,8],[8,0]]]]
explode: [[[[7,7],[0,8]],[[7,22],[14,0]]],[[2,[17,0]],[[4,8],[8,0]]]]
split:   [[[[7,7],[0,8]],[[7,[11,11]],[14,0]]],[[2,[17,0]],[[4,8],[8,0]]]]
explode: [[[[7,7],[0,8]],[[18,0],[25,0]]],[[2,[17,0]],[[4,8],[8,0]]]]
split:   [[[[7,7],[0,8]],[[[9,9],0],[25,0]]],[[2,[17,0]],[[4,8],[8,0]]]]
explode: [[[[7,7],[9,8]],[[0,9],[25,0]]],[[2,[17,0]],[[4,8],[8,0]]]]
split:   [[[[7,7],[9,8]],[[0,9],[[12,13],0]]],[[2,[17,0]],[[4,8],[8,0]]]]
explode: [[[[7,7],[9,8]],[[0,21],[0,13]]],[[2,[17,0]],[[4,8],[8,0]]]]
split:   [[[[7,7],[9,8]],[[0,[10,11]],[0,13]]],[[2,[17,0]],[[4,8],[8,0]]]]
explode: [[[[7,7],[9,8]],[[10,0],[11,13]]],[[2,[17,0]],[[4,8],[8,0]]]]
split:   [[[[7,7],[9,8]],[[[5,5],0],[11,13]]],[[2,[17,0]],[[4,8],[8,0]]]]
explode: [[[[7,7],[14,8]],[[0,5],[11,13]]],[[2,[17,0]],[[4,8],[8,0]]]]
split:   [[[[7,7],[[7,7],8]],[[0,5],[11,13]]],[[2,[17,0]],[[4,8],[8,0]]]]
explode: [[[[7,14],[0,15]],[[0,5],[11,13]]],[[2,[17,0]],[[4,8],[8,0]]]]
split:   [[[[7,[7,7]],[0,15]],[[0,5],[11,13]]],[[2,[17,0]],[[4,8],[8,0]]]]
explode: [[[[14,0],[7,15]],[[0,5],[11,13]]],[[2,[17,0]],[[4,8],[8,0]]]]
split:   [[[[[7,7],0],[7,15]],[[0,5],[11,13]]],[[2,[17,0]],[[4,8],[8,0]]]]
explode: [[[[0,7],[7,15]],[[0,5],[11,13]]],[[2,[17,0]],[[4,8],[8,0]]]]
split:   [[[[0,7],[7,[7,8]]],[[0,5],[11,13]]],[[2,[17,0]],[[4,8],[8,0]]]]
explode: [[[[0,7],[14,0]],[[8,5],[11,13]]],[[2,[17,0]],[[4,8],[8,0]]]]
split:   [[[[0,7],[[7,7],0]],[[8,5],[11,13]]],[[2,[17,0]],[[4,8],[8,0]]]]
explode: [[[[0,14],[0,7]],[[8,5],[11,13]]],[[2,[17,0]],[[4,8],[8,0]]]]
split:   [[[[0,[7,7]],[0,7]],[[8,5],[11,13]]],[[2,[17,0]],[[4,8],[8,0]]]]
explode: [[[[7,0],[7,7]],[[8,5],[11,13]]],[[2,[17,0]],[[4,8],[8,0]]]]
split:   [[[[7,0],[7,7]],[[8,5],[[5,6],13]]],[[2,[17,0]],[[4,8],[8,0]]]]
explode: [[[[7,0],[7,7]],[[8,10],[0,19]]],[[2,[17,0]],[[4,8],[8,0]]]]
split:   [[[[7,0],[7,7]],[[8,[5,5]],[0,19]]],[[2,[17,0]],[[4,8],[8,0]]]]
explode: [[[[7,0],[7,7]],[[13,0],[5,19]]],[[2,[17,0]],[[4,8],[8,0]]]]
split:   [[[[7,0],[7,7]],[[[6,7],0],[5,19]]],[[2,[17,0]],[[4,8],[8,0]]]]
explode: [[[[7,0],[13,7]],[[0,7],[5,19]]],[[2,[17,0]],[[4,8],[8,0]]]]
split:   [[[[7,0],[[6,7],7]],[[0,7],[5,19]]],[[2,[17,0]],[[4,8],[8,0]]]]
explode: [[[[7,6],[0,14]],[[0,7],[5,19]]],[[2,[17,0]],[[4,8],[8,0]]]]
split:   [[[[7,6],[0,[7,7]]],[[0,7],[5,19]]],[[2,[17,0]],[[4,8],[8,0]]]]
explode: [[[[7,6],[7,0]],[[7,7],[5,19]]],[[2,[17,0]],[[4,8],[8,0]]]]
split:   [[[[7,6],[7,0]],[[7,7],[5,[9,10]]]],[[2,[17,0]],[[4,8],[8,0]]]]
explode: [[[[7,6],[7,0]],[[7,7],[14,0]]],[[12,[17,0]],[[4,8],[8,0]]]]
split:   [[[[7,6],[7,0]],[[7,7],[[7,7],0]]],[[12,[17,0]],[[4,8],[8,0]]]]
explode: [[[[7,6],[7,0]],[[7,14],[0,7]]],[[12,[17,0]],[[4,8],[8,0]]]]
split:   [[[[7,6],[7,0]],[[7,[7,7]],[0,7]]],[[12,[17,0]],[[4,8],[8,0]]]]
explode: [[[[7,6],[7,0]],[[14,0],[7,7]]],[[12,[17,0]],[[4,8],[8,0]]]]
split:   [[[[7,6],[7,0]],[[[7,7],0],[7,7]]],[[12,[17,0]],[[4,8],[8,0]]]]
explode: [[[[7,6],[14,0]],[[0,7],[7,7]]],[[12,[17,0]],[[4,8],[8,0]]]]
split:   [[[[7,6],[[7,7],0]],[[0,7],[7,7]]],[[12,[17,0]],[[4,8],[8,0]]]]
explode: [[[[7,13],[0,7]],[[0,7],[7,7]]],[[12,[17,0]],[[4,8],[8,0]]]]
split:   [[[[7,[6,7]],[0,7]],[[0,7],[7,7]]],[[12,[17,0]],[[4,8],[8,0]]]]
explode: [[[[13,0],[7,7]],[[0,7],[7,7]]],[[12,[17,0]],[[4,8],[8,0]]]]
split:   [[[[[6,7],0],[7,7]],[[0,7],[7,7]]],[[12,[17,0]],[[4,8],[8,0]]]]
explode: [[[[0,7],[7,7]],[[0,7],[7,7]]],[[12,[17,0]],[[4,8],[8,0]]]]
split:   [[[[0,7],[7,7]],[[0,7],[7,7]]],[[[6,6],[17,0]],[[4,8],[8,0]]]]
split:   [[[[0,7],[7,7]],[[0,7],[7,7]]],[[[6,6],[[8,9],0]],[[4,8],[8,0]]]]
explode: [[[[0,7],[7,7]],[[0,7],[7,7]]],[[[6,14],[0,9]],[[4,8],[8,0]]]]
split:   [[[[0,7],[7,7]],[[0,7],[7,7]]],[[[6,[7,7]],[0,9]],[[4,8],[8,0]]]]
explode: [[[[0,7],[7,7]],[[0,7],[7,7]]],[[[13,0],[7,9]],[[4,8],[8,0]]]]
split:   [[[[0,7],[7,7]],[[0,7],[7,7]]],[[[[6,7],0],[7,9]],[[4,8],[8,0]]]]
explode: [[[[0,7],[7,7]],[[6,7],[7,7]]],[[[0,7],[7,9]],[[4,8],[8,0]]]]
done
= [[[[0,7],[7,7]],[[6,7],[7,7]]],[[[0,7],[7,9]],[[4,8],[8,0]]]]

  [[[[0,7],[7,7]],[[6,7],[7,7]]],[[[0,7],[7,9]],[[4,8],[8,0]]]]
+ [[[[2,4],7],[6,[0,5]]],[[[6,8],[2,8]],[[2,1],[4,5]]]]
resolve: [[[[[0,7],[7,7]],[[6,7],[7,7]]],[[[0,7],[7,9]],[[4,8],[8,0]]]],[[[[2,4],7],[6,[0,5]]],[[[6,8],[2,8]],[[2,1],[4,5]]]]]
explode: [[[[0,[14,7]],[[6,7],[7,7]]],[[[0,7],[7,9]],[[4,8],[8,0]]]],[[[[2,4],7],[6,[0,5]]],[[[6,8],[2,8]],[[2,1],[4,5]]]]]
explode: [[[[14,0],[[13,7],[7,7]]],[[2,[14,9]],[[4,8],[8,0]]]],[[[0,11],[6,[0,5]]],[[[6,8],[2,8]],[[2,1],[4,5]]]]]
explode: [[[[14,13],[0,[14,7]]],[[16,0],[[13,8],[8,0]]]],[[[0,11],[6,0]],[[[11,8],[2,8]],[[2,1],[4,5]]]]]
explode: [[[[14,13],[14,0]],[[23,0],[[13,8],[8,0]]]],[[[0,11],[17,0]],[[0,[10,8]],[[2,1],[4,5]]]]]
explode: [[[[14,13],[14,0]],[[23,13],[0,[16,0]]]],[[[0,11],[17,0]],[[10,0],[[10,1],[4,5]]]]]
explode: [[[[14,13],[14,0]],[[23,13],[16,0]]],[[[0,11],[17,0]],[[10,0],[[10,1],[4,5]]]]]
explode: [[[[14,13],[14,0]],[[23,13],[16,0]]],[[[0,11],[17,0]],[[10,10],[0,[5,5]]]]]
explode: [[[[14,13],[14,0]],[[23,13],[16,0]]],[[[0,11],[17,0]],[[10,10],[5,0]]]]
split:   [[[[[7,7],13],[14,0]],[[23,13],[16,0]]],[[[0,11],[17,0]],[[10,10],[5,0]]]]
explode: [[[[0,20],[14,0]],[[23,13],[16,0]]],[[[0,11],[17,0]],[[10,10],[5,0]]]]
split:   [[[[0,[10,10]],[14,0]],[[23,13],[16,0]]],[[[0,11],[17,0]],[[10,10],[5,0]]]]
explode: [[[[10,0],[24,0]],[[23,13],[16,0]]],[[[0,11],[17,0]],[[10,10],[5,0]]]]
split:   [[[[[5,5],0],[24,0]],[[23,13],[16,0]]],[[[0,11],[17,0]],[[10,10],[5,0]]]]
explode: [[[[0,5],[24,0]],[[23,13],[16,0]]],[[[0,11],[17,0]],[[10,10],[5,0]]]]
split:   [[[[0,5],[[12,12],0]],[[23,13],[16,0]]],[[[0,11],[17,0]],[[10,10],[5,0]]]]
explode: [[[[0,17],[0,12]],[[23,13],[16,0]]],[[[0,11],[17,0]],[[10,10],[5,0]]]]
split:   [[[[0,[8,9]],[0,12]],[[23,13],[16,0]]],[[[0,11],[17,0]],[[10,10],[5,0]]]]
explode: [[[[8,0],[9,12]],[[23,13],[16,0]]],[[[0,11],[17,0]],[[10,10],[5,0]]]]
split:   [[[[8,0],[9,[6,6]]],[[23,13],[16,0]]],[[[0,11],[17,0]],[[10,10],[5,0]]]]
explode: [[[[8,0],[15,0]],[[29,13],[16,0]]],[[[0,11],[17,0]],[[10,10],[5,0]]]]
split:   [[[[8,0],[[7,8],0]],[[29,13],[16,0]]],[[[0,11],[17,0]],[[10,10],[5,0]]]]
explode: [[[[8,7],[0,8]],[[29,13],[16,0]]],[[[0,11],[17,0]],[[10,10],[5,0]]]]
split:   [[[[8,7],[0,8]],[[[14,15],13],[16,0]]],[[[0,11],[17,0]],[[10,10],[5,0]]]]
explode: [[[[8,7],[14,8]],[[0,28],[16,0]]],[[[0,11],[17,0]],[[10,10],[5,0]]]]
split:   [[[[8,7],[[7,7],8]],[[0,28],[16,0]]],[[[0,11],[17,0]],[[10,10],[5,0]]]]
explode: [[[[8,14],[0,15]],[[0,28],[16,0]]],[[[0,11],[17,0]],[[10,10],[5,0]]]]
split:   [[[[8,[7,7]],[0,15]],[[0,28],[16,0]]],[[[0,11],[17,0]],[[10,10],[5,0]]]]
explode: [[[[15,0],[7,15]],[[0,28],[16,0]]],[[[0,11],[17,0]],[[10,10],[5,0]]]]
split:   [[[[[7,8],0],[7,15]],[[0,28],[16,0]]],[[[0,11],[17,0]],[[10,10],[5,0]]]]
explode: [[[[0,8],[7,15]],[[0,28],[16,0]]],[[[0,11],[17,0]],[[10,10],[5,0]]]]
split:   [[[[0,8],[7,[7,8]]],[[0,28],[16,0]]],[[[0,11],[17,0]],[[10,10],[5,0]]]]
explode: [[[[0,8],[14,0]],[[8,28],[16,0]]],[[[0,11],[17,0]],[[10,10],[5,0]]]]
split:   [[[[0,8],[[7,7],0]],[[8,28],[16,0]]],[[[0,11],[17,0]],[[10,10],[5,0]]]]
explode: [[[[0,15],[0,7]],[[8,28],[16,0]]],[[[0,11],[17,0]],[[10,10],[5,0]]]]
split:   [[[[0,[7,8]],[0,7]],[[8,28],[16,0]]],[[[0,11],[17,0]],[[10,10],[5,0]]]]
explode: [[[[7,0],[8,7]],[[8,28],[16,0]]],[[[0,11],[17,0]],[[10,10],[5,0]]]]
split:   [[[[7,0],[8,7]],[[8,[14,14]],[16,0]]],[[[0,11],[17,0]],[[10,10],[5,0]]]]
explode: [[[[7,0],[8,7]],[[22,0],[30,0]]],[[[0,11],[17,0]],[[10,10],[5,0]]]]
split:   [[[[7,0],[8,7]],[[[11,11],0],[30,0]]],[[[0,11],[17,0]],[[10,10],[5,0]]]]
explode: [[[[7,0],[19,7]],[[0,11],[30,0]]],[[[0,11],[17,0]],[[10,10],[5,0]]]]
split:   [[[[7,0],[[9,10],7]],[[0,11],[30,0]]],[[[0,11],[17,0]],[[10,10],[5,0]]]]
explode: [[[[7,9],[0,17]],[[0,11],[30,0]]],[[[0,11],[17,0]],[[10,10],[5,0]]]]
split:   [[[[7,9],[0,[8,9]]],[[0,11],[30,0]]],[[[0,11],[17,0]],[[10,10],[5,0]]]]
explode: [[[[7,9],[8,0]],[[9,11],[30,0]]],[[[0,11],[17,0]],[[10,10],[5,0]]]]
split:   [[[[7,9],[8,0]],[[9,[5,6]],[30,0]]],[[[0,11],[17,0]],[[10,10],[5,0]]]]
explode: [[[[7,9],[8,0]],[[14,0],[36,0]]],[[[0,11],[17,0]],[[10,10],[5,0]]]]
split:   [[[[7,9],[8,0]],[[[7,7],0],[36,0]]],[[[0,11],[17,0]],[[10,10],[5,0]]]]
explode: [[[[7,9],[15,0]],[[0,7],[36,0]]],[[[0,11],[17,0]],[[10,10],[5,0]]]]
split:   [[[[7,9],[[7,8],0]],[[0,7],[36,0]]],[[[0,11],[17,0]],[[10,10],[5,0]]]]
explode: [[[[7,16],[0,8]],[[0,7],[36,0]]],[[[0,11],[17,0]],[[10,10],[5,0]]]]
split:   [[[[7,[8,8]],[0,8]],[[0,7],[36,0]]],[[[0,11],[17,0]],[[10,10],[5,0]]]]
explode: [[[[15,0],[8,8]],[[0,7],[36,0]]],[[[0,11],[17,0]],[[10,10],[5,0]]]]
split:   [[[[[7,8],0],[8,8]],[[0,7],[36,0]]],[[[0,11],[17,0]],[[10,10],[5,0]]]]
explode: [[[[0,8],[8,8]],[[0,7],[36,0]]],[[[0,11],[17,0]],[[10,10],[5,0]]]]
split:   [[[[0,8],[8,8]],[[0,7],[[18,18],0]]],[[[0,11],[17,0]],[[10,10],[5,0]]]]
explode: [[[[0,8],[8,8]],[[0,25],[0,18]]],[[[0,11],[17,0]],[[10,10],[5,0]]]]
split:   [[[[0,8],[8,8]],[[0,[12,13]],[0,18]]],[[[0,11],[17,0]],[[10,10],[5,0]]]]
explode: [[[[0,8],[8,8]],[[12,0],[13,18]]],[[[0,11],[17,0]],[[10,10],[5,0]]]]
split:   [[[[0,8],[8,8]],[[[6,6],0],[13,18]]],[[[0,11],[17,0]],[[10,10],[5,0]]]]
explode: [[[[0,8],[14,8]],[[0,6],[13,18]]],[[[0,11],[17,0]],[[10,10],[5,0]]]]
split:   [[[[0,8],[[7,7],8]],[[0,6],[13,18]]],[[[0,11],[17,0]],[[10,10],[5,0]]]]
explode: [[[[0,15],[0,15]],[[0,6],[13,18]]],[[[0,11],[17,0]],[[10,10],[5,0]]]]
split:   [[[[0,[7,8]],[0,15]],[[0,6],[13,18]]],[[[0,11],[17,0]],[[10,10],[5,0]]]]
explode: [[[[7,0],[8,15]],[[0,6],[13,18]]],[[[0,11],[17,0]],[[10,10],[5,0]]]]
split:   [[[[7,0],[8,[7,8]]],[[0,6],[13,18]]],[[[0,11],[17,0]],[[10,10],[5,0]]]]
explode: [[[[7,0],[15,0]],[[8,6],[13,18]]],[[[0,11],[17,0]],[[10,10],[5,0]]]]
split:   [[[[7,0],[[7,8],0]],[[8,6],[13,18]]],[[[0,11],[17,0]],[[10,10],[5,0]]]]
explode: [[[[7,7],[0,8]],[[8,6],[13,18]]],[[[0,11],[17,0]],[[10,10],[5,0]]]]
split:   [[[[7,7],[0,8]],[[8,6],[[6,7],18]]],[[[0,11],[17,0]],[[10,10],[5,0]]]]
explode: [[[[7,7],[0,8]],[[8,12],[0,25]]],[[[0,11],[17,0]],[[10,10],[5,0]]]]
split:   [[[[7,7],[0,8]],[[8,[6,6]],[0,25]]],[[[0,11],[17,0]],[[10,10],[5,0]]]]
explode: [[[[7,7],[0,8]],[[14,0],[6,25]]],[[[0,11],[17,0]],[[10,10],[5,0]]]]
split:   [[[[7,7],[0,8]],[[[7,7],0],[6,25]]],[[[0,11],[17,0]],[[10,10],[5,0]]]]
explode: [[[[7,7],[7,8]],[[0,7],[6,25]]],[[[0,11],[17,0]],[[10,10],[5,0]]]]
split:   [[[[7,7],[7,8]],[[0,7],[6,[12,13]]]],[[[0,11],[17,0]],[[10,10],[5,0]]]]
explode: [[[[7,7],[7,8]],[[0,7],[18,0]]],[[[13,11],[17,0]],[[10,10],[5,0]]]]
split:   [[[[7,7],[7,8]],[[0,7],[[9,9],0]]],[[[13,11],[17,0]],[[10,10],[5,0]]]]
explode: [[[[7,7],[7,8]],[[0,16],[0,9]]],[[[13,11],[17,0]],[[10,10],[5,0]]]]
split:   [[[[7,7],[7,8]],[[0,[8,8]],[0,9]]],[[[13,11],[17,0]],[[10,10],[5,0]]]]
explode: [[[[7,7],[7,8]],[[8,0],[8,9]]],[[[13,11],[17,0]],[[10,10],[5,0]]]]
split:   [[[[7,7],[7,8]],[[8,0],[8,9]]],[[[[6,7],11],[17,0]],[[10,10],[5,0]]]]
explode: [[[[7,7],[7,8]],[[14,0],[8,9]]],[[[0,18],[17,0]],[[10,10],[5,0]]]]
split:   [[[[7,7],[7,8]],[[[7,7],0],[8,9]]],[[[0,18],[17,0]],[[10,10],[5,0]]]]
explode: [[[[7,7],[14,8]],[[0,7],[8,9]]],[[[0,18],[17,0]],[[10,10],[5,0]]]]
split:   [[[[7,7],[[7,7],8]],[[0,7],[8,9]]],[[[0,18],[17,0]],[[10,10],[5,0]]]]
explode: [[[[7,14],[0,15]],[[0,7],[8,9]]],[[[0,18],[17,0]],[[10,10],[5,0]]]]
split:   [[[[7,[7,7]],[0,15]],[[0,7],[8,9]]],[[[0,18],[17,0]],[[10,10],[5,0]]]]
explode: [[[[14,0],[7,15]],[[0,7],[8,9]]],[[[0,18],[17,0]],[[10,10],[5,0]]]]
split:   [[[[[7,7],0],[7,15]],[[0,7],[8,9]]],[[[0,18],[17,0]],[[10,10],[5,0]]]]
explode: [[[[0,7],[7,15]],[[0,7],[8,9]]],[[[0,18],[17,0]],[[10,10],[5,0]]]]
split:   [[[[0,7],[7,[7,8]]],[[0,7],[8,9]]],[[[0,18],[17,0]],[[10,10],[5,0]]]]
explode: [[[[0,7],[14,0]],[[8,7],[8,9]]],[[[0,18],[17,0]],[[10,10],[5,0]]]]
split:   [[[[0,7],[[7,7],0]],[[8,7],[8,9]]],[[[0,18],[17,0]],[[10,10],[5,0]]]]
explode: [[[[0,14],[0,7]],[[8,7],[8,9]]],[[[0,18],[17,0]],[[10,10],[5,0]]]]
split:   [[[[0,[7,7]],[0,7]],[[8,7],[8,9]]],[[[0,18],[17,0]],[[10,10],[5,0]]]]
explode: [[[[7,0],[7,7]],[[8,7],[8,9]]],[[[0,18],[17,0]],[[10,10],[5,0]]]]
split:   [[[[7,0],[7,7]],[[8,7],[8,9]]],[[[0,[9,9]],[17,0]],[[10,10],[5,0]]]]
explode: [[[[7,0],[7,7]],[[8,7],[8,9]]],[[[9,0],[26,0]],[[10,10],[5,0]]]]
split:   [[[[7,0],[7,7]],[[8,7],[8,9]]],[[[9,0],[[13,13],0]],[[10,10],[5,0]]]]
explode: [[[[7,0],[7,7]],[[8,7],[8,9]]],[[[9,13],[0,13]],[[10,10],[5,0]]]]
split:   [[[[7,0],[7,7]],[[8,7],[8,9]]],[[[9,[6,7]],[0,13]],[[10,10],[5,0]]]]
explode: [[[[7,0],[7,7]],[[8,7],[8,9]]],[[[15,0],[7,13]],[[10,10],[5,0]]]]
split:   [[[[7,0],[7,7]],[[8,7],[8,9]]],[[[[7,8],0],[7,13]],[[10,10],[5,0]]]]
explode: [[[[7,0],[7,7]],[[15,7],[8,9]]],[[[0,8],[7,13]],[[10,10],[5,0]]]]
split:   [[[[7,0],[7,7]],[[[7,8],7],[8,9]]],[[[0,8],[7,13]],[[10,10],[5,0]]]]
explode: [[[[7,0],[14,7]],[[0,15],[8,9]]],[[[0,8],[7,13]],[[10,10],[5,0]]]]
split:   [[[[7,0],[[7,7],7]],[[0,15],[8,9]]],[[[0,8],[7,13]],[[10,10],[5,0]]]]
explode: [[[[7,7],[0,14]],[[0,15],[8,9]]],[[[0,8],[7,13]],[[10,10],[5,0]]]]
split:   [[[[7,7],[0,[7,7]]],[[0,15],[8,9]]],[[[0,8],[7,13]],[[10,10],[5,0]]]]
explode: [[[[7,7],[7,0]],[[7,15],[8,9]]],[[[0,8],[7,13]],[[10,10],[5,0]]]]
split:   [[[[7,7],[7,0]],[[7,[7,8]],[8,9]]],[[[0,8],[7,13]],[[10,10],[5,0]]]]
explode: [[[[7,7],[7,0]],[[14,0],[16,9]]],[[[0,8],[7,13]],[[10,10],[5,0]]]]
split:   [[[[7,7],[7,0]],[[[7,7],0],[16,9]]],[[[0,8],[7,13]],[[10,10],[5,0]]]]
explode: [[[[7,7],[14,0]],[[0,7],[16,9]]],[[[0,8],[7,13]],[[10,10],[5,0]]]]
split:   [[[[7,7],[[7,7],0]],[[0,7],[16,9]]],[[[0,8],[7,13]],[[10,10],[5,0]]]]
explode: [[[[7,14],[0,7]],[[0,7],[16,9]]],[[[0,8],[7,13]],[[10,10],[5,0]]]]
split:   [[[[7,[7,7]],[0,7]],[[0,7],[16,9]]],[[[0,8],[7,13]],[[10,10],[5,0]]]]
explode: [[[[14,0],[7,7]],[[0,7],[16,9]]],[[[0,8],[7,13]],[[10,10],[5,0]]]]
split:   [[[[[7,7],0],[7,7]],[[0,7],[16,9]]],[[[0,8],[7,13]],[[10,10],[5,0]]]]
explode: [[[[0,7],[7,7]],[[0,7],[16,9]]],[[[0,8],[7,13]],[[10,10],[5,0]]]]
split:   [[[[0,7],[7,7]],[[0,7],[[8,8],9]]],[[[0,8],[7,13]],[[10,10],[5,0]]]]
explode: [[[[0,7],[7,7]],[[0,15],[0,17]]],[[[0,8],[7,13]],[[10,10],[5,0]]]]
split:   [[[[0,7],[7,7]],[[0,[7,8]],[0,17]]],[[[0,8],[7,13]],[[10,10],[5,0]]]]
explode: [[[[0,7],[7,7]],[[7,0],[8,17]]],[[[0,8],[7,13]],[[10,10],[5,0]]]]
split:   [[[[0,7],[7,7]],[[7,0],[8,[8,9]]]],[[[0,8],[7,13]],[[10,10],[5,0]]]]
explode: [[[[0,7],[7,7]],[[7,0],[16,0]]],[[[9,8],[7,13]],[[10,10],[5,0]]]]
split:   [[[[0,7],[7,7]],[[7,0],[[8,8],0]]],[[[9,8],[7,13]],[[10,10],[5,0]]]]
explode: [[[[0,7],[7,7]],[[7,8],[0,8]]],[[[9,8],[7,13]],[[10,10],[5,0]]]]
split:   [[[[0,7],[7,7]],[[7,8],[0,8]]],[[[9,8],[7,[6,7]]],[[10,10],[5,0]]]]
explode: [[[[0,7],[7,7]],[[7,8],[0,8]]],[[[9,8],[13,0]],[[17,10],[5,0]]]]
split:   [[[[0,7],[7,7]],[[7,8],[0,8]]],[[[9,8],[[6,7],0]],[[17,10],[5,0]]]]
explode: [[[[0,7],[7,7]],[[7,8],[0,8]]],[[[9,14],[0,7]],[[17,10],[5,0]]]]
split:   [[[[0,7],[7,7]],[[7,8],[0,8]]],[[[9,[7,7]],[0,7]],[[17,10],[5,0]]]]
explode: [[[[0,7],[7,7]],[[7,8],[0,8]]],[[[16,0],[7,7]],[[17,10],[5,0]]]]
split:   [[[[0,7],[7,7]],[[7,8],[0,8]]],[[[[8,8],0],[7,7]],[[17,10],[5,0]]]]
explode: [[[[0,7],[7,7]],[[15,8],[0,8]]],[[[0,8],[7,7]],[[17,10],[5,0]]]]
split:   [[[[0,7],[7,7]],[[[7,8],8],[0,8]]],[[[0,8],[7,7]],[[17,10],[5,0]]]]
explode: [[[[0,7],[14,7]],[[0,16],[0,8]]],[[[0,8],[7,7]],[[17,10],[5,0]]]]
split:   [[[[0,7],[[7,7],7]],[[0,16],[0,8]]],[[[0,8],[7,7]],[[17,10],[5,0]]]]
explode: [[[[0,14],[0,14]],[[0,16],[0,8]]],[[[0,8],[7,7]],[[17,10],[5,0]]]]
split:   [[[[0,[7,7]],[0,14]],[[0,16],[0,8]]],[[[0,8],[7,7]],[[17,10],[5,0]]]]
explode: [[[[7,0],[7,14]],[[0,16],[0,8]]],[[[0,8],[7,7]],[[17,10],[5,0]]]]
split:   [[[[7,0],[7,[7,7]]],[[0,16],[0,8]]],[[[0,8],[7,7]],[[17,10],[5,0]]]]
explode: [[[[7,0],[14,0]],[[7,16],[0,8]]],[[[0,8],[7,7]],[[17,10],[5,0]]]]
split:   [[[[7,0],[[7,7],0]],[[7,16],[0,8]]],[[[0,8],[7,7]],[[17,10],[5,0]]]]
explode: [[[[7,7],[0,7]],[[7,16],[0,8]]],[[[0,8],[7,7]],[[17,10],[5,0]]]]
split:   [[[[7,7],[0,7]],[[7,[8,8]],[0,8]]],[[[0,8],[7,7]],[[17,10],[5,0]]]]
explode: [[[[7,7],[0,7]],[[15,0],[8,8]]],[[[0,8],[7,7]],[[17,10],[5,0]]]]
split:   [[[[7,7],[0,7]],[[[7,8],0],[8,8]]],[[[0,8],[7,7]],[[17,10],[5,0]]]]
explode: [[[[7,7],[7,7]],[[0,8],[8,8]]],[[[0,8],[7,7]],[[17,10],[5,0]]]]
split:   [[[[7,7],[7,7]],[[0,8],[8,8]]],[[[0,8],[7,7]],[[[8,9],10],[5,0]]]]
explode: [[[[7,7],[7,7]],[[0,8],[8,8]]],[[[0,8],[15,7]],[[0,19],[5,0]]]]
split:   [[[[7,7],[7,7]],[[0,8],[8,8]]],[[[0,8],[[7,8],7]],[[0,19],[5,0]]]]
explode: [[[[7,7],[7,7]],[[0,8],[8,8]]],[[[0,15],[0,15]],[[0,19],[5,0]]]]
split:   [[[[7,7],[7,7]],[[0,8],[8,8]]],[[[0,[7,8]],[0,15]],[[0,19],[5,0]]]]
explode: [[[[7,7],[7,7]],[[0,8],[8,8]]],[[[7,0],[8,15]],[[0,19],[5,0]]]]
split:   [[[[7,7],[7,7]],[[0,8],[8,8]]],[[[7,0],[8,[7,8]]],[[0,19],[5,0]]]]
explode: [[[[7,7],[7,7]],[[0,8],[8,8]]],[[[7,0],[15,0]],[[8,19],[5,0]]]]
split:   [[[[7,7],[7,7]],[[0,8],[8,8]]],[[[7,0],[[7,8],0]],[[8,19],[5,0]]]]
explode: [[[[7,7],[7,7]],[[0,8],[8,8]]],[[[7,7],[0,8]],[[8,19],[5,0]]]]
split:   [[[[7,7],[7,7]],[[0,8],[8,8]]],[[[7,7],[0,8]],[[8,[9,10]],[5,0]]]]
explode: [[[[7,7],[7,7]],[[0,8],[8,8]]],[[[7,7],[0,8]],[[17,0],[15,0]]]]
split:   [[[[7,7],[7,7]],[[0,8],[8,8]]],[[[7,7],[0,8]],[[[8,9],0],[15,0]]]]
explode: [[[[7,7],[7,7]],[[0,8],[8,8]]],[[[7,7],[8,8]],[[0,9],[15,0]]]]
split:   [[[[7,7],[7,7]],[[0,8],[8,8]]],[[[7,7],[8,8]],[[0,9],[[7,8],0]]]]
explode: [[[[7,7],[7,7]],[[0,8],[8,8]]],[[[7,7],[8,8]],[[0,16],[0,8]]]]
split:   [[[[7,7],[7,7]],[[0,8],[8,8]]],[[[7,7],[8,8]],[[0,[8,8]],[0,8]]]]
explode: [[[[7,7],[7,7]],[[0,8],[8,8]]],[[[7,7],[8,8]],[[8,0],[8,8]]]]
done
= [[[[7,7],[7,7]],[[0,8],[8,8]]],[[[7,7],[8,8]],[[8,0],[8,8]]]]

  [[[[7,7],[7,7]],[[0,8],[8,8]]],[[[7,7],[8,8]],[[8,0],[8,8]]]]
+ [7,[5,[[3,8],[1,4]]]]
resolve: [[[[[7,7],[7,7]],[[0,8],[8,8]]],[[[7,7],[8,8]],[[8,0],[8,8]]]],[7,[5,[[3,8],[1,4]]]]]
explode: [[[[0,[14,7]],[[0,8],[8,8]]],[[[7,7],[8,8]],[[8,0],[8,8]]]],[7,[5,[[3,8],[1,4]]]]]
explode: [[[[14,0],[[14,8],[8,8]]],[[0,[15,8]],[[8,0],[8,8]]]],[7,[8,[0,[9,4]]]]]
explode: [[[[14,14],[0,[16,8]]],[[15,0],[[16,0],[8,8]]]],[7,[8,[9,0]]]]
explode: [[[[14,14],[16,0]],[[23,0],[[16,0],[8,8]]]],[7,[8,[9,0]]]]
explode: [[[[14,14],[16,0]],[[23,16],[0,[8,8]]]],[7,[8,[9,0]]]]
explode: [[[[14,14],[16,0]],[[23,16],[8,0]]],[15,[8,[9,0]]]]
split:   [[[[[7,7],14],[16,0]],[[23,16],[8,0]]],[15,[8,[9,0]]]]
explode: [[[[0,21],[16,0]],[[23,16],[8,0]]],[15,[8,[9,0]]]]
split:   [[[[0,[10,11]],[16,0]],[[23,16],[8,0]]],[15,[8,[9,0]]]]
explode: [[[[10,0],[27,0]],[[23,16],[8,0]]],[15,[8,[9,0]]]]
split:   [[[[[5,5],0],[27,0]],[[23,16],[8,0]]],[15,[8,[9,0]]]]
explode: [[[[0,5],[27,0]],[[23,16],[8,0]]],[15,[8,[9,0]]]]
split:   [[[[0,5],[[13,14],0]],[[23,16],[8,0]]],[15,[8,[9,0]]]]
explode: [[[[0,18],[0,14]],[[23,16],[8,0]]],[15,[8,[9,0]]]]
split:   [[[[0,[9,9]],[0,14]],[[23,16],[8,0]]],[15,[8,[9,0]]]]
explode: [[[[9,0],[9,14]],[[23,16],[8,0]]],[15,[8,[9,0]]]]
split:   [[[[9,0],[9,[7,7]]],[[23,16],[8,0]]],[15,[8,[9,0]]]]
explode: [[[[9,0],[16,0]],[[30,16],[8,0]]],[15,[8,[9,0]]]]
split:   [[[[9,0],[[8,8],0]],[[30,16],[8,0]]],[15,[8,[9,0]]]]
explode: [[[[9,8],[0,8]],[[30,16],[8,0]]],[15,[8,[9,0]]]]
split:   [[[[9,8],[0,8]],[[[15,15],16],[8,0]]],[15,[8,[9,0]]]]
explode: [[[[9,8],[15,8]],[[0,31],[8,0]]],[15,[8,[9,0]]]]
split:   [[[[9,8],[[7,8],8]],[[0,31],[8,0]]],[15,[8,[9,0]]]]
explode: [[[[9,15],[0,16]],[[0,31],[8,0]]],[15,[8,[9,0]]]]
split:   [[[[9,[7,8]],[0,16]],[[0,31],[8,0]]],[15,[8,[9,0]]]]
explode: [[[[16,0],[8,16]],[[0,31],[8,0]]],[15,[8,[9,0]]]]
split:   [[[[[8,8],0],[8,16]],[[0,31],[8,0]]],[15,[8,[9,0]]]]
explode: [[[[0,8],[8,16]],[[0,31],[8,0]]],[15,[8,[9,0]]]]
split:   [[[[0,8],[8,[8,8]]],[[0,31],[8,0]]],[15,[8,[9,0]]]]
explode: [[[[0,8],[16,0]],[[8,31],[8,0]]],[15,[8,[9,0]]]]
split:   [[[[0,8],[[8,8],0]],[[8,31],[8,0]]],[15,[8,[9,0]]]]
explode: [[[[0,16],[0,8]],[[8,31],[8,0]]],[15,[8,[9,0]]]]
split:   [[[[0,[8,8]],[0,8]],[[8,31],[8,0]]],[15,[8,[9,0]]]]
explode: [[[[8,0],[8,8]],[[8,31],[8,0]]],[15,[8,[9,0]]]]
split:   [[[[8,0],[8,8]],[[8,[15,16]],[8,0]]],[15,[8,[9,0]]]]
explode: [[[[8,0],[8,8]],[[23,0],[24,0]]],[15,[8,[9,0]]]]
split:   [[[[8,0],[8,8]],[[[11,12],0],[24,0]]],[15,[8,[9,0]]]]
explode: [[[[8,0],[19,8]],[[0,12],[24,0]]],[15,[8,[9,0]]]]
split:   [[[[8,0],[[9,10],8]],[[0,12],[24,0]]],[15,[8,[9,0]]]]
explode: [[[[8,9],[0,18]],[[0,12],[24,0]]],[15,[8,[9,0]]]]
split:   [[[[8,9],[0,[9,9]]],[[0,12],[24,0]]],[15,[8,[9,0]]]]
explode: [[[[8,9],[9,0]],[[9,12],[24,0]]],[15,[8,[9,0]]]]
split:   [[[[8,9],[9,0]],[[9,[6,6]],[24,0]]],[15,[8,[9,0]]]]
explode: [[[[8,9],[9,0]],[[15,0],[30,0]]],[15,[8,[9,0]]]]
split:   [[[[8,9],[9,0]],[[[7,8],0],[30,0]]],[15,[8,[9,0]]]]
explode: [[[[8,9],[16,0]],[[0,8],[30,0]]],[15,[8,[9,0]]]]
split:   [[[[8,9],[[8,8],0]],[[0,8],[30,0]]],[15,[8,[9,0]]]]
explode: [[[[8,17],[0,8]],[[0,8],[30,0]]],[15,[8,[9,0]]]]
split:   [[[[8,[8,9]],[0,8]],[[0,8],[30,0]]],[15,[8,[9,0]]]]
explode: [[[[16,0],[9,8]],[[0,8],[30,0]]],[15,[8,[9,0]]]]
split:   [[[[[8,8],0],[9,8]],[[0,8],[30,0]]],[15,[8,[9,0]]]]
explode: [[[[0,8],[9,8]],[[0,8],[30,0]]],[15,[8,[9,0]]]]
split:   [[[[0,8],[9,8]],[[0,8],[[15,15],0]]],[15,[8,[9,0]]]]
explode: [[[[0,8],[9,8]],[[0,23],[0,15]]],[15,[8,[9,0]]]]
split:   [[[[0,8],[9,8]],[[0,[11,12]],[0,15]]],[15,[8,[9,0]]]]
explode: [[[[0,8],[9,8]],[[11,0],[12,15]]],[15,[8,[9,0]]]]
split:   [[[[0,8],[9,8]],[[[5,6],0],[12,15]]],[15,[8,[9,0]]]]
explode: [[[[0,8],[14,8]],[[0,6],[12,15]]],[15,[8,[9,0]]]]
split:   [[[[0,8],[[7,7],8]],[[0,6],[12,15]]],[15,[8,[9,0]]]]
explode: [[[[0,15],[0,15]],[[0,6],[12,15]]],[15,[8,[9,0]]]]
split:   [[[[0,[7,8]],[0,15]],[[0,6],[12,15]]],[15,[8,[9,0]]]]
explode: [[[[7,0],[8,15]],[[0,6],[12,15]]],[15,[8,[9,0]]]]
split:   [[[[7,0],[8,[7,8]]],[[0,6],[12,15]]],[15,[8,[9,0]]]]
explode: [[[[7,0],[15,0]],[[8,6],[12,15]]],[15,[8,[9,0]]]]
split:   [[[[7,0],[[7,8],0]],[[8,6],[12,15]]],[15,[8,[9,0]]]]
explode: [[[[7,7],[0,8]],[[8,6],[12,15]]],[15,[8,[9,0]]]]
split:   [[[[7,7],[0,8]],[[8,6],[[6,6],15]]],[15,[8,[9,0]]]]
explode: [[[[7,7],[0,8]],[[8,12],[0,21]]],[15,[8,[9,0]]]]
split:   [[[[7,7],[0,8]],[[8,[6,6]],[0,21]]],[15,[8,[9,0]]]]
explode: [[[[7,7],[0,8]],[[14,0],[6,21]]],[15,[8,[9,0]]]]
split:   [[[[7,7],[0,8]],[[[7,7],0],[6,21]]],[15,[8,[9,0]]]]
explode: [[[[7,7],[7,8]],[[0,7],[6,21]]],[15,[8,[9,0]]]]
split:   [[[[7,7],[7,8]],[[0,7],[6,[10,11]]]],[15,[8,[9,0]]]]
explode: [[[[7,7],[7,8]],[[0,7],[16,0]]],[26,[8,[9,0]]]]
split:   [[[[7,7],[7,8]],[[0,7],[[8,8],0]]],[26,[8,[9,0]]]]
explode: [[[[7,7],[7,8]],[[0,15],[0,8]]],[26,[8,[9,0]]]]
split:   [[[[7,7],[7,8]],[[0,[7,8]],[0,8]]],[26,[8,[9,0]]]]
explode: [[[[7,7],[7,8]],[[7,0],[8,8]]],[26,[8,[9,0]]]]
split:   [[[[7,7],[7,8]],[[7,0],[8,8]]],[[13,13],[8,[9,0]]]]
split:   [[[[7,7],[7,8]],[[7,0],[8,8]]],[[[6,7],13],[8,[9,0]]]]
split:   [[[[7,7],[7,8]],[[7,0],[8,8]]],[[[6,7],[6,7]],[8,[9,0]]]]
done
= [[[[7,7],[7,8]],[[7,0],[8,8]]],[[[6,7],[6,7]],[8,[9,0]]]]

  [[[[7,7],[7,8]],[[7,0],[8,8]]],[[[6,7],[6,7]],[8,[9,0]]]]
+ [[2,[2,2]],[8,[8,1]]]
resolve: [[[[[7,7],[7,8]],[[7,0],[8,8]]],[[[6,7],[6,7]],[8,[9,0]]]],[[2,[2,2]],[8,[8,1]]]]
explode: [[[[0,[14,8]],[[7,0],[8,8]]],[[[6,7],[6,7]],[8,[9,0]]]],[[2,[2,2]],[8,[8,1]]]]
explode: [[[[14,0],[[21,0],[8,8]]],[[0,[13,7]],[8,[9,0]]]],[[2,[2,2]],[8,[8,1]]]]
explode: [[[[14,21],[0,[8,8]]],[[13,0],[15,[9,0]]]],[[2,[2,2]],[8,[8,1]]]]
explode: [[[[14,21],[8,0]],[[21,0],[15,[9,0]]]],[[2,[2,2]],[8,[8,1]]]]
explode: [[[[14,21],[8,0]],[[21,0],[24,0]]],[[2,[2,2]],[8,[8,1]]]]
split:   [[[[[7,7],21],[8,0]],[[21,0],[24,0]]],[[2,[2,2]],[8,[8,1]]]]
explode: [[[[0,28],[8,0]],[[21,0],[24,0]]],[[2,[2,2]],[8,[8,1]]]]
split:   [[[[0,[14,14]],[8,0]],[[21,0],[24,0]]],[[2,[2,2]],[8,[8,1]]]]
explode: [[[[14,0],[22,0]],[[21,0],[24,0]]],[[2,[2,2]],[8,[8,1]]]]
split:   [[[[[7,7],0],[22,0]],[[21,0],[24,0]]],[[2,[2,2]],[8,[8,1]]]]
explode: [[[[0,7],[22,0]],[[21,0],[24,0]]],[[2,[2,2]],[8,[8,1]]]]
split:   [[[[0,7],[[11,11],0]],[[21,0],[24,0]]],[[2,[2,2]],[8,[8,1]]]]
explode: [[[[0,18],[0,11]],[[21,0],[24,0]]],[[2,[2,2]],[8,[8,1]]]]
split:   [[[[0,[9,9]],[0,11]],[[21,0],[24,0]]],[[2,[2,2]],[8,[8,1]]]]
explode: [[[[9,0],[9,11]],[[21,0],[24,0]]],[[2,[2,2]],[8,[8,1]]]]
split:   [[[[9,0],[9,[5,6]]],[[21,0],[24,0]]],[[2,[2,2]],[8,[8,1]]]]
explode: [[[[9,0],[14,0]],[[27,0],[24,0]]],[[2,[2,2]],[8,[8,1]]]]
split:   [[[[9,0],[[7,7],0]],[[27,0],[24,0]]],[[2,[2,2]],[8,[8,1]]]]
explode: [[[[9,7],[0,7]],[[27,0],[24,0]]],[[2,[2,2]],[8,[8,1]]]]
split:   [[[[9,7],[0,7]],[[[13,14],0],[24,0]]],[[2,[2,2]],[8,[8,1]]]]
explode: [[[[9,7],[13,7]],[[0,14],[24,0]]],[[2,[2,2]],[8,[8,1]]]]
split:   [[[[9,7],[[6,7],7]],[[0,14],[24,0]]],[[2,[2,2]],[8,[8,1]]]]
explode: [[[[9,13],[0,14]],[[0,14],[24,0]]],[[2,[2,2]],[8,[8,1]]]]
split:   [[[[9,[6,7]],[0,14]],[[0,14],[24,0]]],[[2,[2,2]],[8,[8,1]]]]
explode: [[[[15,0],[7,14]],[[0,14],[24,0]]],[[2,[2,2]],[8,[8,1]]]]
split:   [[[[[7,8],0],[7,14]],[[0,14],[24,0]]],[[2,[2,2]],[8,[8,1]]]]
explode: [[[[0,8],[7,14]],[[0,14],[24,0]]],[[2,[2,2]],[8,[8,1]]]]
split:   [[[[0,8],[7,[7,7]]],[[0,14],[24,0]]],[[2,[2,2]],[8,[8,1]]]]
explode: [[[[0,8],[14,0]],[[7,14],[24,0]]],[[2,[2,2]],[8,[8,1]]]]
split:   [[[[0,8],[[7,7],0]],[[7,14],[24,0]]],[[2,[2,2]],[8,[8,1]]]]
explode: [[[[0,15],[0,7]],[[7,14],[24,0]]],[[2,[2,2]],[8,[8,1]]]]
split:   [[[[0,[7,8]],[0,7]],[[7,14],[24,0]]],[[2,[2,2]],[8,[8,1]]]]
explode: [[[[7,0],[8,7]],[[7,14],[24,0]]],[[2,[2,2]],[8,[8,1]]]]
split:   [[[[7,0],[8,7]],[[7,[7,7]],[24,0]]],[[2,[2,2]],[8,[8,1]]]]
explode: [[[[7,0],[8,7]],[[14,0],[31,0]]],[[2,[2,2]],[8,[8,1]]]]
split:   [[[[7,0],[8,7]],[[[7,7],0],[31,0]]],[[2,[2,2]],[8,[8,1]]]]
explode: [[[[7,0],[15,7]],[[0,7],[31,0]]],[[2,[2,2]],[8,[8,1]]]]
split:   [[[[7,0],[[7,8],7]],[[0,7],[31,0]]],[[2,[2,2]],[8,[8,1]]]]
explode: [[[[7,7],[0,15]],[[0,7],[31,0]]],[[2,[2,2]],[8,[8,1]]]]
split:   [[[[7,7],[0,[7,8]]],[[0,7],[31,0]]],[[2,[2,2]],[8,[8,1]]]]
explode: [[[[7,7],[7,0]],[[8,7],[31,0]]],[[2,[2,2]],[8,[8,1]]]]
split:   [[[[7,7],[7,0]],[[8,7],[[15,16],0]]],[[2,[2,2]],[8,[8,1]]]]
explode: [[[[7,7],[7,0]],[[8,22],[0,16]]],[[2,[2,2]],[8,[8,1]]]]
split:   [[[[7,7],[7,0]],[[8,[11,11]],[0,16]]],[[2,[2,2]],[8,[8,1]]]]
explode: [[[[7,7],[7,0]],[[19,0],[11,16]]],[[2,[2,2]],[8,[8,1]]]]
split:   [[[[7,7],[7,0]],[[[9,10],0],[11,16]]],[[2,[2,2]],[8,[8,1]]]]
explode: [[[[7,7],[16,0]],[[0,10],[11,16]]],[[2,[2,2]],[8,[8,1]]]]
split:   [[[[7,7],[[8,8],0]],[[0,10],[11,16]]],[[2,[2,2]],[8,[8,1]]]]
explode: [[[[7,15],[0,8]],[[0,10],[11,16]]],[[2,[2,2]],[8,[8,1]]]]
split:   [[[[7,[7,8]],[0,8]],[[0,10],[11,16]]],[[2,[2,2]],[8,[8,1]]]]
explode: [[[[14,0],[8,8]],[[0,10],[11,16]]],[[2,[2,2]],[8,[8,1]]]]
split:   [[[[[7,7],0],[8,8]],[[0,10],[11,16]]],[[2,[2,2]],[8,[8,1]]]]
explode: [[[[0,7],[8,8]],[[0,10],[11,16]]],[[2,[2,2]],[8,[8,1]]]]
split:   [[[[0,7],[8,8]],[[0,[5,5]],[11,16]]],[[2,[2,2]],[8,[8,1]]]]
explode: [[[[0,7],[8,8]],[[5,0],[16,16]]],[[2,[2,2]],[8,[8,1]]]]
split:   [[[[0,7],[8,8]],[[5,0],[[8,8],16]]],[[2,[2,2]],[8,[8,1]]]]
explode: [[[[0,7],[8,8]],[[5,8],[0,24]]],[[2,[2,2]],[8,[8,1]]]]
split:   [[[[0,7],[8,8]],[[5,8],[0,[12,12]]]],[[2,[2,2]],[8,[8,1]]]]
explode: [[[[0,7],[8,8]],[[5,8],[12,0]]],[[14,[2,2]],[8,[8,1]]]]
split:   [[[[0,7],[8,8]],[[5,8],[[6,6],0]]],[[14,[2,2]],[8,[8,1]]]]
explode: [[[[0,7],[8,8]],[[5,14],[0,6]]],[[14,[2,2]],[8,[8,1]]]]
split:   [[[[0,7],[8,8]],[[5,[7,7]],[0,6]]],[[14,[2,2]],[8,[8,1]]]]
explode: [[[[0,7],[8,8]],[[12,0],[7,6]]],[[14,[2,2]],[8,[8,1]]]]
split:   [[[[0,7],[8,8]],[[[6,6],0],[7,6]]],[[14,[2,2]],[8,[8,1]]]]
explode: [[[[0,7],[14,8]],[[0,6],[7,6]]],[[14,[2,2]],[8,[8,1]]]]
split:   [[[[0,7],[[7,7],8]],[[0,6],[7,6]]],[[14,[2,2]],[8,[8,1]]]]
explode: [[[[0,14],[0,15]],[[0,6],[7,6]]],[[14,[2,2]],[8,[8,1]]]]
split:   [[[[0,[7,7]],[0,15]],[[0,6],[7,6]]],[[14,[2,2]],[8,[8,1]]]]
explode: [[[[7,0],[7,15]],[[0,6],[7,6]]],[[14,[2,2]],[8,[8,1]]]]
split:   [[[[7,0],[7,[7,8]]],[[0,6],[7,6]]],[[14,[2,2]],[8,[8,1]]]]
explode: [[[[7,0],[14,0]],[[8,6],[7,6]]],[[14,[2,2]],[8,[8,1]]]]
split:   [[[[7,0],[[7,7],0]],[[8,6],[7,6]]],[[14,[2,2]],[8,[8,1]]]]
explode: [[[[7,7],[0,7]],[[8,6],[7,6]]],[[14,[2,2]],[8,[8,1]]]]
split:   [[[[7,7],[0,7]],[[8,6],[7,6]]],[[[7,7],[2,2]],[8,[8,1]]]]
done
= [[[[7,7],[0,7]],[[8,6],[7,6]]],[[[7,7],[2,2]],[8,[8,1]]]]

  [[[[7,7],[0,7]],[[8,6],[7,6]]],[[[7,7],[2,2]],[8,[8,1]]]]
+ [2,9]
resolve: [[[[[7,7],[0,7]],[[8,6],[7,6]]],[[[7,7],[2,2]],[8,[8,1]]]],[2,9]]
explode: [[[[0,[7,7]],[[8,6],[7,6]]],[[[7,7],[2,2]],[8,[8,1]]]],[2,9]]
explode: [[[[7,0],[[22,6],[7,6]]],[[0,[9,2]],[8,[8,1]]]],[2,9]]
explode: [[[[7,22],[0,[13,6]]],[[9,0],[10,[8,1]]]],[2,9]]
explode: [[[[7,22],[13,0]],[[15,0],[10,[8,1]]]],[2,9]]
explode: [[[[7,22],[13,0]],[[15,0],[18,0]]],[3,9]]
split:   [[[[7,[11,11]],[13,0]],[[15,0],[18,0]]],[3,9]]
explode: [[[[18,0],[24,0]],[[15,0],[18,0]]],[3,9]]
split:   [[[[[9,9],0],[24,0]],[[15,0],[18,0]]],[3,9]]
explode: [[[[0,9],[24,0]],[[15,0],[18,0]]],[3,9]]
split:   [[[[0,9],[[12,12],0]],[[15,0],[18,0]]],[3,9]]
explode: [[[[0,21],[0,12]],[[15,0],[18,0]]],[3,9]]
split:   [[[[0,[10,11]],[0,12]],[[15,0],[18,0]]],[3,9]]
explode: [[[[10,0],[11,12]],[[15,0],[18,0]]],[3,9]]
split:   [[[[[5,5],0],[11,12]],[[15,0],[18,0]]],[3,9]]
explode: [[[[0,5],[11,12]],[[15,0],[18,0]]],[3,9]]
split:   [[[[0,5],[[5,6],12]],[[15,0],[18,0]]],[3,9]]
explode: [[[[0,10],[0,18]],[[15,0],[18,0]]],[3,9]]
split:   [[[[0,[5,5]],[0,18]],[[15,0],[18,0]]],[3,9]]
explode: [[[[5,0],[5,18]],[[15,0],[18,0]]],[3,9]]
split:   [[[[5,0],[5,[9,9]]],[[15,0],[18,0]]],[3,9]]
explode: [[[[5,0],[14,0]],[[24,0],[18,0]]],[3,9]]
split:   [[[[5,0],[[7,7],0]],[[24,0],[18,0]]],[3,9]]
explode: [[[[5,7],[0,7]],[[24,0],[18,0]]],[3,9]]
split:   [[[[5,7],[0,7]],[[[12,12],0],[18,0]]],[3,9]]
explode: [[[[5,7],[12,7]],[[0,12],[18,0]]],[3,9]]
split:   [[[[5,7],[[6,6],7]],[[0,12],[18,0]]],[3,9]]
explode: [[[[5,13],[0,13]],[[0,12],[18,0]]],[3,9]]
split:   [[[[5,[6,7]],[0,13]],[[0,12],[18,0]]],[3,9]]
explode: [[[[11,0],[7,13]],[[0,12],[18,0]]],[3,9]]
split:   [[[[[5,6],0],[7,13]],[[0,12],[18,0]]],[3,9]]
explode: [[[[0,6],[7,13]],[[0,12],[18,0]]],[3,9]]
split:   [[[[0,6],[7,[6,7]]],[[0,12],[18,0]]],[3,9]]
explode: [[[[0,6],[13,0]],[[7,12],[18,0]]],[3,9]]
split:   [[[[0,6],[[6,7],0]],[[7,12],[18,0]]],[3,9]]
explode: [[[[0,12],[0,7]],[[7,12],[18,0]]],[3,9]]
split:   [[[[0,[6,6]],[0,7]],[[7,12],[18,0]]],[3,9]]
explode: [[[[6,0],[6,7]],[[7,12],[18,0]]],[3,9]]
split:   [[[[6,0],[6,7]],[[7,[6,6]],[18,0]]],[3,9]]
explode: [[[[6,0],[6,7]],[[13,0],[24,0]]],[3,9]]
split:   [[[[6,0],[6,7]],[[[6,7],0],[24,0]]],[3,9]]
explode: [[[[6,0],[12,7]],[[0,7],[24,0]]],[3,9]]
split:   [[[[6,0],[[6,6],7]],[[0,7],[24,0]]],[3,9]]
explode: [[[[6,6],[0,13]],[[0,7],[24,0]]],[3,9]]
split:   [[[[6,6],[0,[6,7]]],[[0,7],[24,0]]],[3,9]]
explode: [[[[6,6],[6,0]],[[7,7],[24,0]]],[3,9]]
split:   [[[[6,6],[6,0]],[[7,7],[[12,12],0]]],[3,9]]
explode: [[[[6,6],[6,0]],[[7,19],[0,12]]],[3,9]]
split:   [[[[6,6],[6,0]],[[7,[9,10]],[0,12]]],[3,9]]
explode: [[[[6,6],[6,0]],[[16,0],[10,12]]],[3,9]]
split:   [[[[6,6],[6,0]],[[[8,8],0],[10,12]]],[3,9]]
explode: [[[[6,6],[14,0]],[[0,8],[10,12]]],[3,9]]
split:   [[[[6,6],[[7,7],0]],[[0,8],[10,12]]],[3,9]]
explode: [[[[6,13],[0,7]],[[0,8],[10,12]]],[3,9]]
split:   [[[[6,[6,7]],[0,7]],[[0,8],[10,12]]],[3,9]]
explode: [[[[12,0],[7,7]],[[0,8],[10,12]]],[3,9]]
split:   [[[[[6,6],0],[7,7]],[[0,8],[10,12]]],[3,9]]
explode: [[[[0,6],[7,7]],[[0,8],[10,12]]],[3,9]]
split:   [[[[0,6],[7,7]],[[0,8],[[5,5],12]]],[3,9]]
explode: [[[[0,6],[7,7]],[[0,13],[0,17]]],[3,9]]
split:   [[[[0,6],[7,7]],[[0,[6,7]],[0,17]]],[3,9]]
explode: [[[[0,6],[7,7]],[[6,0],[7,17]]],[3,9]]
split:   [[[[0,6],[7,7]],[[6,0],[7,[8,9]]]],[3,9]]
explode: [[[[0,6],[7,7]],[[6,0],[15,0]]],[12,9]]
split:   [[[[0,6],[7,7]],[[6,0],[[7,8],0]]],[12,9]]
explode: [[[[0,6],[7,7]],[[6,7],[0,8]]],[12,9]]
split:   [[[[0,6],[7,7]],[[6,7],[0,8]]],[[6,6],9]]
done
= [[[[0,6],[7,7]],[[6,7],[0,8]]],[[6,6],9]]

  [[[[0,6],[7,7]],[[6,7],[0,8]]],[[6,6],9]]
+ [1,[[[9,3],9],[[9,0],[0,7]]]]
resolve: [[[[[0,6],[7,7]],[[6,7],[0,8]]],[[6,6],9]],[1,[[[9,3],9],[[9,0],[0,7]]]]]
explode: [[[[0,[13,7]],[[6,7],[0,8]]],[[6,6],9]],[1,[[[9,3],9],[[9,0],[0,7]]]]]
explode: [[[[13,0],[[13,7],[0,8]]],[[6,6],9]],[10,[[0,12],[[9,0],[0,7]]]]]
explode: [[[[13,13],[0,[7,8]]],[[6,6],9]],[10,[[0,21],[0,[0,7]]]]]
explode: [[[[13,13],[7,0]],[[14,6],9]],[10,[[0,21],[0,0]]]]
split:   [[[[[6,7],13],[7,0]],[[14,6],9]],[10,[[0,21],[0,0]]]]
explode: [[[[0,20],[7,0]],[[14,6],9]],[10,[[0,21],[0,0]]]]
split:   [[[[0,[10,10]],[7,0]],[[14,6],9]],[10,[[0,21],[0,0]]]]
explode: [[[[10,0],[17,0]],[[14,6],9]],[10,[[0,21],[0,0]]]]
split:   [[[[[5,5],0],[17,0]],[[14,6],9]],[10,[[0,21],[0,0]]]]
explode: [[[[0,5],[17,0]],[[14,6],9]],[10,[[0,21],[0,0]]]]
split:   [[[[0,5],[[8,9],0]],[[14,6],9]],[10,[[0,21],[0,0]]]]
explode: [[[[0,13],[0,9]],[[14,6],9]],[10,[[0,21],[0,0]]]]
split:   [[[[0,[6,7]],[0,9]],[[14,6],9]],[10,[[0,21],[0,0]]]]
explode: [[[[6,0],[7,9]],[[14,6],9]],[10,[[0,21],[0,0]]]]
split:   [[[[6,0],[7,9]],[[[7,7],6],9]],[10,[[0,21],[0,0]]]]
explode: [[[[6,0],[14,9]],[[0,13],9]],[10,[[0,21],[0,0]]]]
split:   [[[[6,0],[[7,7],9]],[[0,13],9]],[10,[[0,21],[0,0]]]]
explode: [[[[6,7],[0,16]],[[0,13],9]],[10,[[0,21],[0,0]]]]
split:   [[[[6,7],[0,[8,8]]],[[0,13],9]],[10,[[0,21],[0,0]]]]
explode: [[[[6,7],[8,0]],[[8,13],9]],[10,[[0,21],[0,0]]]]
split:   [[[[6,7],[8,0]],[[8,[6,7]],9]],[10,[[0,21],[0,0]]]]
explode: [[[[6,7],[8,0]],[[14,0],16]],[10,[[0,21],[0,0]]]]
split:   [[[[6,7],[8,0]],[[[7,7],0],16]],[10,[[0,21],[0,0]]]]
explode: [[[[6,7],[15,0]],[[0,7],16]],[10,[[0,21],[0,0]]]]
split:   [[[[6,7],[[7,8],0]],[[0,7],16]],[10,[[0,21],[0,0]]]]
explode: [[[[6,14],[0,8]],[[0,7],16]],[10,[[0,21],[0,0]]]]
split:   [[[[6,[7,7]],[0,8]],[[0,7],16]],[10,[[0,21],[0,0]]]]
explode: [[[[13,0],[7,8]],[[0,7],16]],[10,[[0,21],[0,0]]]]
split:   [[[[[6,7],0],[7,8]],[[0,7],16]],[10,[[0,21],[0,0]]]]
explode: [[[[0,7],[7,8]],[[0,7],16]],[10,[[0,21],[0,0]]]]
split:   [[[[0,7],[7,8]],[[0,7],[8,8]]],[10,[[0,21],[0,0]]]]
split:   [[[[0,7],[7,8]],[[0,7],[8,8]]],[[5,5],[[0,21],[0,0]]]]
split:   [[[[0,7],[7,8]],[[0,7],[8,8]]],[[5,5],[[0,[10,11]],[0,0]]]]
explode: [[[[0,7],[7,8]],[[0,7],[8,8]]],[[5,5],[[10,0],[11,0]]]]
split:   [[[[0,7],[7,8]],[[0,7],[8,8]]],[[5,5],[[[5,5],0],[11,0]]]]
explode: [[[[0,7],[7,8]],[[0,7],[8,8]]],[[5,10],[[0,5],[11,0]]]]
split:   [[[[0,7],[7,8]],[[0,7],[8,8]]],[[5,[5,5]],[[0,5],[11,0]]]]
split:   [[[[0,7],[7,8]],[[0,7],[8,8]]],[[5,[5,5]],[[0,5],[[5,6],0]]]]
explode: [[[[0,7],[7,8]],[[0,7],[8,8]]],[[5,[5,5]],[[0,10],[0,6]]]]
split:   [[[[0,7],[7,8]],[[0,7],[8,8]]],[[5,[5,5]],[[0,[5,5]],[0,6]]]]
explode: [[[[0,7],[7,8]],[[0,7],[8,8]]],[[5,[5,5]],[[5,0],[5,6]]]]
done
= [[[[0,7],[7,8]],[[0,7],[8,8]]],[[5,[5,5]],[[5,0],[5,6]]]]

  [[[[0,7],[7,8]],[[0,7],[8,8]]],[[5,[5,5]],[[5,0],[5,6]]]]
+ [[[5,[7,4]],7],1]
resolve: [[[[[0,7],[7,8]],[[0,7],[8,8]]],[[5,[5,5]],[[5,0],[5,6]]]],[[[5,[7,4]],7],1]]
explode: [[[[0,[14,8]],[[0,7],[8,8]]],[[5,[5,5]],[[5,0],[5,6]]]],[[[5,[7,4]],7],1]]
explode: [[[[14,0],[[8,7],[8,8]]],[[10,0],[[10,0],[5,6]]]],[[[12,0],11],1]]
explode: [[[[14,8],[0,[15,8]]],[[10,10],[0,[5,6]]]],[[[12,0],11],1]]
explode: [[[[14,8],[15,0]],[[18,10],[0,[5,6]]]],[[[12,0],11],1]]
explode: [[[[14,8],[15,0]],[[18,10],[5,0]]],[[[18,0],11],1]]
split:   [[[[[7,7],8],[15,0]],[[18,10],[5,0]]],[[[18,0],11],1]]
explode: [[[[0,15],[15,0]],[[18,10],[5,0]]],[[[18,0],11],1]]
split:   [[[[0,[7,8]],[15,0]],[[18,10],[5,0]]],[[[18,0],11],1]]
explode: [[[[7,0],[23,0]],[[18,10],[5,0]]],[[[18,0],11],1]]
split:   [[[[7,0],[[11,12],0]],[[18,10],[5,0]]],[[[18,0],11],1]]
explode: [[[[7,11],[0,12]],[[18,10],[5,0]]],[[[18,0],11],1]]
split:   [[[[7,[5,6]],[0,12]],[[18,10],[5,0]]],[[[18,0],11],1]]
explode: [[[[12,0],[6,12]],[[18,10],[5,0]]],[[[18,0],11],1]]
split:   [[[[[6,6],0],[6,12]],[[18,10],[5,0]]],[[[18,0],11],1]]
explode: [[[[0,6],[6,12]],[[18,10],[5,0]]],[[[18,0],11],1]]
split:   [[[[0,6],[6,[6,6]]],[[18,10],[5,0]]],[[[18,0],11],1]]
explode: [[[[0,6],[12,0]],[[24,10],[5,0]]],[[[18,0],11],1]]
split:   [[[[0,6],[[6,6],0]],[[24,10],[5,0]]],[[[18,0],11],1]]
explode: [[[[0,12],[0,6]],[[24,10],[5,0]]],[[[18,0],11],1]]
split:   [[[[0,[6,6]],[0,6]],[[24,10],[5,0]]],[[[18,0],11],1]]
explode: [[[[6,0],[6,6]],[[24,10],[5,0]]],[[[18,0],11],1]]
split:   [[[[6,0],[6,6]],[[[12,12],10],[5,0]]],[[[18,0],11],1]]
explode: [[[[6,0],[18,6]],[[0,22],[5,0]]],[[[18,0],11],1]]
split:   [[[[6,0],[[9,9],6]],[[0,22],[5,0]]],[[[18,0],11],1]]
explode: [[[[6,9],[0,15]],[[0,22],[5,0]]],[[[18,0],11],1]]
split:   [[[[6,9],[0,[7,8]]],[[0,22],[5,0]]],[[[18,0],11],1]]
explode: [[[[6,9],[7,0]],[[8,22],[5,0]]],[[[18,0],11],1]]
split:   [[[[6,9],[7,0]],[[8,[11,11]],[5,0]]],[[[18,0],11],1]]
explode: [[[[6,9],[7,0]],[[19,0],[16,0]]],[[[18,0],11],1]]
split:   [[[[6,9],[7,0]],[[[9,10],0],[16,0]]],[[[18,0],11],1]]
explode: [[[[6,9],[16,0]],[[0,10],[16,0]]],[[[18,0],11],1]]
split:   [[[[6,9],[[8,8],0]],[[0,10],[16,0]]],[[[18,0],11],1]]
explode: [[[[6,17],[0,8]],[[0,10],[16,0]]],[[[18,0],11],1]]
split:   [[[[6,[8,9]],[0,8]],[[0,10],[16,0]]],[[[18,0],11],1]]
explode: [[[[14,0],[9,8]],[[0,10],[16,0]]],[[[18,0],11],1]]
split:   [[[[[7,7],0],[9,8]],[[0,10],[16,0]]],[[[18,0],11],1]]
explode: [[[[0,7],[9,8]],[[0,10],[16,0]]],[[[18,0],11],1]]
split:   [[[[0,7],[9,8]],[[0,[5,5]],[16,0]]],[[[18,0],11],1]]
explode: [[[[0,7],[9,8]],[[5,0],[21,0]]],[[[18,0],11],1]]
split:   [[[[0,7],[9,8]],[[5,0],[[10,11],0]]],[[[18,0],11],1]]
explode: [[[[0,7],[9,8]],[[5,10],[0,11]]],[[[18,0],11],1]]
split:   [[[[0,7],[9,8]],[[5,[5,5]],[0,11]]],[[[18,0],11],1]]
explode: [[[[0,7],[9,8]],[[10,0],[5,11]]],[[[18,0],11],1]]
split:   [[[[0,7],[9,8]],[[[5,5],0],[5,11]]],[[[18,0],11],1]]
explode: [[[[0,7],[14,8]],[[0,5],[5,11]]],[[[18,0],11],1]]
split:   [[[[0,7],[[7,7],8]],[[0,5],[5,11]]],[[[18,0],11],1]]
explode: [[[[0,14],[0,15]],[[0,5],[5,11]]],[[[18,0],11],1]]
split:   [[[[0,[7,7]],[0,15]],[[0,5],[5,11]]],[[[18,0],11],1]]
explode: [[[[7,0],[7,15]],[[0,5],[5,11]]],[[[18,0],11],1]]
split:   [[[[7,0],[7,[7,8]]],[[0,5],[5,11]]],[[[18,0],11],1]]
explode: [[[[7,0],[14,0]],[[8,5],[5,11]]],[[[18,0],11],1]]
split:   [[[[7,0],[[7,7],0]],[[8,5],[5,11]]],[[[18,0],11],1]]
explode: [[[[7,7],[0,7]],[[8,5],[5,11]]],[[[18,0],11],1]]
split:   [[[[7,7],[0,7]],[[8,5],[5,[5,6]]]],[[[18,0],11],1]]
explode: [[[[7,7],[0,7]],[[8,5],[10,0]]],[[[24,0],11],1]]
split:   [[[[7,7],[0,7]],[[8,5],[[5,5],0]]],[[[24,0],11],1]]
explode: [[[[7,7],[0,7]],[[8,10],[0,5]]],[[[24,0],11],1]]
split:   [[[[7,7],[0,7]],[[8,[5,5]],[0,5]]],[[[24,0],11],1]]
explode: [[[[7,7],[0,7]],[[13,0],[5,5]]],[[[24,0],11],1]]
split:   [[[[7,7],[0,7]],[[[6,7],0],[5,5]]],[[[24,0],11],1]]
explode: [[[[7,7],[6,7]],[[0,7],[5,5]]],[[[24,0],11],1]]
split:   [[[[7,7],[6,7]],[[0,7],[5,5]]],[[[[12,12],0],11],1]]
explode: [[[[7,7],[6,7]],[[12,7],[5,5]]],[[[0,12],11],1]]
split:   [[[[7,7],[6,7]],[[[6,6],7],[5,5]]],[[[0,12],11],1]]
explode: [[[[7,7],[12,7]],[[0,13],[5,5]]],[[[0,12],11],1]]
split:   [[[[7,7],[[6,6],7]],[[0,13],[5,5]]],[[[0,12],11],1]]
explode: [[[[7,13],[0,13]],[[0,13],[5,5]]],[[[0,12],11],1]]
split:   [[[[7,[6,7]],[0,13]],[[0,13],[5,5]]],[[[0,12],11],1]]
explode: [[[[13,0],[7,13]],[[0,13],[5,5]]],[[[0,12],11],1]]
split:   [[[[[6,7],0],[7,13]],[[0,13],[5,5]]],[[[0,12],11],1]]
explode: [[[[0,7],[7,13]],[[0,13],[5,5]]],[[[0,12],11],1]]
split:   [[[[0,7],[7,[6,7]]],[[0,13],[5,5]]],[[[0,12],11],1]]
explode: [[[[0,7],[13,0]],[[7,13],[5,5]]],[[[0,12],11],1]]
split:   [[[[0,7],[[6,7],0]],[[7,13],[5,5]]],[[[0,12],11],1]]
explode: [[[[0,13],[0,7]],[[7,13],[5,5]]],[[[0,12],11],1]]
split:   [[[[0,[6,7]],[0,7]],[[7,13],[5,5]]],[[[0,12],11],1]]
explode: [[[[6,0],[7,7]],[[7,13],[5,5]]],[[[0,12],11],1]]
split:   [[[[6,0],[7,7]],[[7,[6,7]],[5,5]]],[[[0,12],11],1]]
explode: [[[[6,0],[7,7]],[[13,0],[12,5]]],[[[0,12],11],1]]
split:   [[[[6,0],[7,7]],[[[6,7],0],[12,5]]],[[[0,12],11],1]]
explode: [[[[6,0],[13,7]],[[0,7],[12,5]]],[[[0,12],11],1]]
split:   [[[[6,0],[[6,7],7]],[[0,7],[12,5]]],[[[0,12],11],1]]
explode: [[[[6,6],[0,14]],[[0,7],[12,5]]],[[[0,12],11],1]]
split:   [[[[6,6],[0,[7,7]]],[[0,7],[12,5]]],[[[0,12],11],1]]
explode: [[[[6,6],[7,0]],[[7,7],[12,5]]],[[[0,12],11],1]]
split:   [[[[6,6],[7,0]],[[7,7],[[6,6],5]]],[[[0,12],11],1]]
explode: [[[[6,6],[7,0]],[[7,13],[0,11]]],[[[0,12],11],1]]
split:   [[[[6,6],[7,0]],[[7,[6,7]],[0,11]]],[[[0,12],11],1]]
explode: [[[[6,6],[7,0]],[[13,0],[7,11]]],[[[0,12],11],1]]
split:   [[[[6,6],[7,0]],[[[6,7],0],[7,11]]],[[[0,12],11],1]]
explode: [[[[6,6],[13,0]],[[0,7],[7,11]]],[[[0,12],11],1]]
split:   [[[[6,6],[[6,7],0]],[[0,7],[7,11]]],[[[0,12],11],1]]
explode: [[[[6,12],[0,7]],[[0,7],[7,11]]],[[[0,12],11],1]]
split:   [[[[6,[6,6]],[0,7]],[[0,7],[7,11]]],[[[0,12],11],1]]
explode: [[[[12,0],[6,7]],[[0,7],[7,11]]],[[[0,12],11],1]]
split:   [[[[[6,6],0],[6,7]],[[0,7],[7,11]]],[[[0,12],11],1]]
explode: [[[[0,6],[6,7]],[[0,7],[7,11]]],[[[0,12],11],1]]
split:   [[[[0,6],[6,7]],[[0,7],[7,[5,6]]]],[[[0,12],11],1]]
explode: [[[[0,6],[6,7]],[[0,7],[12,0]]],[[[6,12],11],1]]
split:   [[[[0,6],[6,7]],[[0,7],[[6,6],0]]],[[[6,12],11],1]]
explode: [[[[0,6],[6,7]],[[0,13],[0,6]]],[[[6,12],11],1]]
split:   [[[[0,6],[6,7]],[[0,[6,7]],[0,6]]],[[[6,12],11],1]]
explode: [[[[0,6],[6,7]],[[6,0],[7,6]]],[[[6,12],11],1]]
split:   [[[[0,6],[6,7]],[[6,0],[7,6]]],[[[6,[6,6]],11],1]]
explode: [[[[0,6],[6,7]],[[6,0],[7,6]]],[[[12,0],17],1]]
split:   [[[[0,6],[6,7]],[[6,0],[7,6]]],[[[[6,6],0],17],1]]
explode: [[[[0,6],[6,7]],[[12,0],[7,6]]],[[[0,6],17],1]]
split:   [[[[0,6],[6,7]],[[[6,6],0],[7,6]]],[[[0,6],17],1]]
explode: [[[[0,6],[12,7]],[[0,6],[7,6]]],[[[0,6],17],1]]
split:   [[[[0,6],[[6,6],7]],[[0,6],[7,6]]],[[[0,6],17],1]]
explode: [[[[0,12],[0,13]],[[0,6],[7,6]]],[[[0,6],17],1]]
split:   [[[[0,[6,6]],[0,13]],[[0,6],[7,6]]],[[[0,6],17],1]]
explode: [[[[6,0],[6,13]],[[0,6],[7,6]]],[[[0,6],17],1]]
split:   [[[[6,0],[6,[6,7]]],[[0,6],[7,6]]],[[[0,6],17],1]]
explode: [[[[6,0],[12,0]],[[7,6],[7,6]]],[[[0,6],17],1]]
split:   [[[[6,0],[[6,6],0]],[[7,6],[7,6]]],[[[0,6],17],1]]
explode: [[[[6,6],[0,6]],[[7,6],[7,6]]],[[[0,6],17],1]]
split:   [[[[6,6],[0,6]],[[7,6],[7,6]]],[[[0,6],[8,9]],1]]
done
= [[[[6,6],[0,6]],[[7,6],[7,6]]],[[[0,6],[8,9]],1]]

  [[[[6,6],[0,6]],[[7,6],[7,6]]],[[[0,6],[8,9]],1]]
+ [[[[4,2],2],6],[8,7]]
resolve: [[[[[6,6],[0,6]],[[7,6],[7,6]]],[[[0,6],[8,9]],1]],[[[[4,2],2],6],[8,7]]]
explode: [[[[0,[6,6]],[[7,6],[7,6]]],[[[0,6],[8,9]],1]],[[[[4,2],2],6],[8,7]]]
explode: [[[[6,0],[[13,6],[7,6]]],[[4,[14,9]],1]],[[[0,4],6],[8,7]]]
explode: [[[[6,13],[0,[13,6]]],[[18,0],10]],[[[0,4],6],[8,7]]]
explode: [[[[6,13],[13,0]],[[24,0],10]],[[[0,4],6],[8,7]]]
split:   [[[[6,[6,7]],[13,0]],[[24,0],10]],[[[0,4],6],[8,7]]]
explode: [[[[12,0],[20,0]],[[24,0],10]],[[[0,4],6],[8,7]]]
split:   [[[[[6,6],0],[20,0]],[[24,0],10]],[[[0,4],6],[8,7]]]
explode: [[[[0,6],[20,0]],[[24,0],10]],[[[0,4],6],[8,7]]]
split:   [[[[0,6],[[10,10],0]],[[24,0],10]],[[[0,4],6],[8,7]]]
explode: [[[[0,16],[0,10]],[[24,0],10]],[[[0,4],6],[8,7]]]
split:   [[[[0,[8,8]],[0,10]],[[24,0],10]],[[[0,4],6],[8,7]]]
explode: [[[[8,0],[8,10]],[[24,0],10]],[[[0,4],6],[8,7]]]
split:   [[[[8,0],[8,[5,5]]],[[24,0],10]],[[[0,4],6],[8,7]]]
explode: [[[[8,0],[13,0]],[[29,0],10]],[[[0,4],6],[8,7]]]
split:   [[[[8,0],[[6,7],0]],[[29,0],10]],[[[0,4],6],[8,7]]]
explode: [[[[8,6],[0,7]],[[29,0],10]],[[[0,4],6],[8,7]]]
split:   [[[[8,6],[0,7]],[[[14,15],0],10]],[[[0,4],6],[8,7]]]
explode: [[[[8,6],[14,7]],[[0,15],10]],[[[0,4],6],[8,7]]]
split:   [[[[8,6],[[7,7],7]],[[0,15],10]],[[[0,4],6],[8,7]]]
explode: [[[[8,13],[0,14]],[[0,15],10]],[[[0,4],6],[8,7]]]
split:   [[[[8,[6,7]],[0,14]],[[0,15],10]],[[[0,4],6],[8,7]]]
explode: [[[[14,0],[7,14]],[[0,15],10]],[[[0,4],6],[8,7]]]
split:   [[[[[7,7],0],[7,14]],[[0,15],10]],[[[0,4],6],[8,7]]]
explode: [[[[0,7],[7,14]],[[0,15],10]],[[[0,4],6],[8,7]]]
split:   [[[[0,7],[7,[7,7]]],[[0,15],10]],[[[0,4],6],[8,7]]]
explode: [[[[0,7],[14,0]],[[7,15],10]],[[[0,4],6],[8,7]]]
split:   [[[[0,7],[[7,7],0]],[[7,15],10]],[[[0,4],6],[8,7]]]
explode: [[[[0,14],[0,7]],[[7,15],10]],[[[0,4],6],[8,7]]]
split:   [[[[0,[7,7]],[0,7]],[[7,15],10]],[[[0,4],6],[8,7]]]
explode: [[[[7,0],[7,7]],[[7,15],10]],[[[0,4],6],[8,7]]]
split:   [[[[7,0],[7,7]],[[7,[7,8]],10]],[[[0,4],6],[8,7]]]
explode: [[[[7,0],[7,7]],[[14,0],18]],[[[0,4],6],[8,7]]]
split:   [[[[7,0],[7,7]],[[[7,7],0],18]],[[[0,4],6],[8,7]]]
explode: [[[[7,0],[14,7]],[[0,7],18]],[[[0,4],6],[8,7]]]
split:   [[[[7,0],[[7,7],7]],[[0,7],18]],[[[0,4],6],[8,7]]]
explode: [[[[7,7],[0,14]],[[0,7],18]],[[[0,4],6],[8,7]]]
split:   [[[[7,7],[0,[7,7]]],[[0,7],18]],[[[0,4],6],[8,7]]]
explode: [[[[7,7],[7,0]],[[7,7],18]],[[[0,4],6],[8,7]]]
split:   [[[[7,7],[7,0]],[[7,7],[9,9]]],[[[0,4],6],[8,7]]]
done
= [[[[7,7],[7,0]],[[7,7],[9,9]]],[[[0,4],6],[8,7]]]

Part 1: 2861
Part 2: 
